_id,index,availableCount,timeoutStartedAt,timedOutAt,queuedPlayerIds,playerIds,gameId,treatmentId,batchId,lobbyConfigId,createdAt
jRPb4HtLf7vtPza9i,0,3,,,NuweWtpWaMQZkxLkb,,,ZJK2YH32LRTpRAvfS,iZyDvjrsRHNuyrsER,BP7PjP32Z33i44DLq,2021-07-20T16:47:01Z
KiBJ5D2Gb56scHooG,0,3,,,"kq9vcpqmQwbkFB4sX,XR254nXRjwrveus4M,Xzwn3GeDhaYChyk6X,mQ4j9jv3oBQW9zdxE,do6cSnx2h7oyYTyqw,pgdSEje8fK2EhyEAF,DhC6RscrdSqABgf5k,nzCnCnx4W9EDKLyEy,HatzPcAxQZHJgfvTp,KqEvn4gzXocmfiiFY,HattoicCD8RpvNp3x,5tF4pbeZsgwoLyBXN,WpuqGRTsiQfcFJHK9,Z4uGdog32wDhkwPjw,ZxbL2ksdEpEH3Rh8J","pgdSEje8fK2EhyEAF,kq9vcpqmQwbkFB4sX,mQ4j9jv3oBQW9zdxE",KiBJ5D2Gb56scHooG,ZJK2YH32LRTpRAvfS,Af4qqPXxWervHW3Tk,BP7PjP32Z33i44DLq,2021-07-20T16:47:02Z
JvZjCtThY3iTsrXN5,0,3,,,"XR254nXRjwrveus4M,Xzwn3GeDhaYChyk6X,do6cSnx2h7oyYTyqw,DhC6RscrdSqABgf5k,nzCnCnx4W9EDKLyEy,HatzPcAxQZHJgfvTp,KqEvn4gzXocmfiiFY,HattoicCD8RpvNp3x,5tF4pbeZsgwoLyBXN,WpuqGRTsiQfcFJHK9,Z4uGdog32wDhkwPjw,ZxbL2ksdEpEH3Rh8J","WpuqGRTsiQfcFJHK9,nzCnCnx4W9EDKLyEy,XR254nXRjwrveus4M",JvZjCtThY3iTsrXN5,ZJK2YH32LRTpRAvfS,HNCHyE4dYz6Pkt69p,BP7PjP32Z33i44DLq,2021-07-20T16:47:03Z
R6fYnby2HvssRxsAM,0,3,,,"Xzwn3GeDhaYChyk6X,do6cSnx2h7oyYTyqw,DhC6RscrdSqABgf5k,HatzPcAxQZHJgfvTp,KqEvn4gzXocmfiiFY,HattoicCD8RpvNp3x,5tF4pbeZsgwoLyBXN,Z4uGdog32wDhkwPjw,ZxbL2ksdEpEH3Rh8J","Z4uGdog32wDhkwPjw,HattoicCD8RpvNp3x,Xzwn3GeDhaYChyk6X",R6fYnby2HvssRxsAM,ZJK2YH32LRTpRAvfS,gkErS3yM2HswPHY37,BP7PjP32Z33i44DLq,2021-07-20T16:47:03Z
ier2nCDT3gEyDmDuw,0,3,,,"do6cSnx2h7oyYTyqw,DhC6RscrdSqABgf5k,HatzPcAxQZHJgfvTp,KqEvn4gzXocmfiiFY,5tF4pbeZsgwoLyBXN,ZxbL2ksdEpEH3Rh8J","ZxbL2ksdEpEH3Rh8J,5tF4pbeZsgwoLyBXN,HatzPcAxQZHJgfvTp",ier2nCDT3gEyDmDuw,ZJK2YH32LRTpRAvfS,YarvrydJo3my7AHvY,BP7PjP32Z33i44DLq,2021-07-20T16:47:04Z
hWc3fHAfD2kYNNQwd,0,3,,,"do6cSnx2h7oyYTyqw,DhC6RscrdSqABgf5k,KqEvn4gzXocmfiiFY,8mmT8uxngnsEtBwLW,LJFr2DF8KghNenpQS,6LmyLDPtYLvfHqyKW,CqGNYgwtJZcCtsyvF,PbkFBSjSacP6FbmxN,bepzbWYXsiZpMapq8,Dj6hRMp5EBbw6J3hS","PbkFBSjSacP6FbmxN,Dj6hRMp5EBbw6J3hS,CqGNYgwtJZcCtsyvF",hWc3fHAfD2kYNNQwd,ZJK2YH32LRTpRAvfS,m55doHNNGagN6S6o6,BP7PjP32Z33i44DLq,2021-07-20T16:47:08Z
MWJG24azPPPmXXsda,0,3,,,,,,ZJK2YH32LRTpRAvfS,qqHbBaysfS3Zq7Tfv,BP7PjP32Z33i44DLq,2021-07-20T17:01:50Z
MW3JseTBmbwaLzCHw,0,3,,,"do6cSnx2h7oyYTyqw,DhC6RscrdSqABgf5k,KqEvn4gzXocmfiiFY,8mmT8uxngnsEtBwLW,LJFr2DF8KghNenpQS,6LmyLDPtYLvfHqyKW,bepzbWYXsiZpMapq8",,,ZJK2YH32LRTpRAvfS,a4zuvTemfvjThvzMh,BP7PjP32Z33i44DLq,2021-07-20T17:22:11Z
PQsuruAwnSwQEngbZ,0,3,,,,,,h3dPMcehmoJ3TkgYZ,h2Yv4HSJ8To6ChGkE,JnaFCEngoJ8S73JCs,2021-07-22T04:06:04Z
7ZqpzEkestKxtMqxB,1,3,,,,,,h3dPMcehmoJ3TkgYZ,h2Yv4HSJ8To6ChGkE,JnaFCEngoJ8S73JCs,2021-07-22T04:06:04Z
WqY97ZCEyt6nmiHjx,2,3,,,,,,h3dPMcehmoJ3TkgYZ,h2Yv4HSJ8To6ChGkE,JnaFCEngoJ8S73JCs,2021-07-22T04:06:04Z
MuQZ5wJ2nntWXp3pq,3,3,,,PKJyLYkaSMK3PpSwF,,,h3dPMcehmoJ3TkgYZ,h2Yv4HSJ8To6ChGkE,JnaFCEngoJ8S73JCs,2021-07-22T04:06:04Z
muNZ2CT7AtqRYMcuF,4,3,,,,,,h3dPMcehmoJ3TkgYZ,h2Yv4HSJ8To6ChGkE,JnaFCEngoJ8S73JCs,2021-07-22T04:06:04Z
bDjjGhZNMzgWbFuPZ,0,3,,,"ag35YjbFLzjjeMaDC,GzEbt9NLtAL4BCgCb,L4HnBuSDtPL7T2YvM,updnHGdXfBnCtjukm,Mpsnxq4kf74TRd9my,CxfuY7FDfH2KAxosf,pMqfDBZrz667nSgEb,BFyArttr4GJKvgh3o,6QtEPWxTAWAefyGPr,v7Xv8C5mTXgfX3cff,ZpkXJ5xZrx3MnJgaT,2M3RkHGLhzqYCwzcx,ruzsZu2ZMpSN7o2Gr,sLMT6CD6TuLpKJDnN,TRs7RFkh8D4Rya7jq","pMqfDBZrz667nSgEb,CxfuY7FDfH2KAxosf,v7Xv8C5mTXgfX3cff",bDjjGhZNMzgWbFuPZ,h3dPMcehmoJ3TkgYZ,5BLn6syPkMkQF44xq,BP7PjP32Z33i44DLq,2021-07-22T04:12:04Z
nTjviCmSRATRxwqA5,0,3,,,"ag35YjbFLzjjeMaDC,GzEbt9NLtAL4BCgCb,L4HnBuSDtPL7T2YvM,updnHGdXfBnCtjukm,Mpsnxq4kf74TRd9my,BFyArttr4GJKvgh3o,6QtEPWxTAWAefyGPr,ZpkXJ5xZrx3MnJgaT,2M3RkHGLhzqYCwzcx,ruzsZu2ZMpSN7o2Gr,sLMT6CD6TuLpKJDnN,TRs7RFkh8D4Rya7jq","ag35YjbFLzjjeMaDC,ruzsZu2ZMpSN7o2Gr,2M3RkHGLhzqYCwzcx",nTjviCmSRATRxwqA5,h3dPMcehmoJ3TkgYZ,Y5ijsqDkiEJ2dqbpJ,BP7PjP32Z33i44DLq,2021-07-22T04:12:06Z
zrmt2fPsMpCPTxi7L,0,3,,,"GzEbt9NLtAL4BCgCb,L4HnBuSDtPL7T2YvM,updnHGdXfBnCtjukm,Mpsnxq4kf74TRd9my,BFyArttr4GJKvgh3o,6QtEPWxTAWAefyGPr,ZpkXJ5xZrx3MnJgaT,sLMT6CD6TuLpKJDnN,TRs7RFkh8D4Rya7jq","6QtEPWxTAWAefyGPr,GzEbt9NLtAL4BCgCb,BFyArttr4GJKvgh3o",zrmt2fPsMpCPTxi7L,h3dPMcehmoJ3TkgYZ,v7NsgeKN6ymEqgzwi,BP7PjP32Z33i44DLq,2021-07-22T04:12:07Z
5j9HePvQJgnrHefDq,0,3,,,"L4HnBuSDtPL7T2YvM,updnHGdXfBnCtjukm,Mpsnxq4kf74TRd9my,ZpkXJ5xZrx3MnJgaT,sLMT6CD6TuLpKJDnN,TRs7RFkh8D4Rya7jq","updnHGdXfBnCtjukm,ZpkXJ5xZrx3MnJgaT,sLMT6CD6TuLpKJDnN",5j9HePvQJgnrHefDq,h3dPMcehmoJ3TkgYZ,nZfcdypcgpf67udma,BP7PjP32Z33i44DLq,2021-07-22T04:12:07Z
aF49vDgYfxSWj9bPc,0,3,,,"L4HnBuSDtPL7T2YvM,Mpsnxq4kf74TRd9my,TRs7RFkh8D4Rya7jq,khMNv3Twj5vCq5jRv,FchaChiJygjyt5ZWS,3rfqKE6gjyF6MzZ83,hHLJCRhzLCPM38p8b,BKxsQYgSq3uLfavN9,MYxmzahWm3ZnfCohg,bxmN263SdE2fxjd9k,ySbhtawG8GTDfP3mC,hFge42phhP82shho6,yzohYrPBuHByxFd85,Bg5ufF3tt4wjTP5kp,zy3Ff7JGAMYF9Xuir,BJ4vFH9HnQMDT9X56","L4HnBuSDtPL7T2YvM,TRs7RFkh8D4Rya7jq,FchaChiJygjyt5ZWS",aF49vDgYfxSWj9bPc,h3dPMcehmoJ3TkgYZ,DigwvmeSegZvzSg5S,BP7PjP32Z33i44DLq,2021-07-22T04:12:08Z
ouLFcL4pWNcRE5JNu,0,3,,,"Mpsnxq4kf74TRd9my,khMNv3Twj5vCq5jRv,3rfqKE6gjyF6MzZ83,hHLJCRhzLCPM38p8b,BKxsQYgSq3uLfavN9,MYxmzahWm3ZnfCohg,bxmN263SdE2fxjd9k,ySbhtawG8GTDfP3mC,hFge42phhP82shho6,yzohYrPBuHByxFd85,Bg5ufF3tt4wjTP5kp,zy3Ff7JGAMYF9Xuir,BJ4vFH9HnQMDT9X56,DuEsLmAAxjMzbFab3","3rfqKE6gjyF6MzZ83,Mpsnxq4kf74TRd9my,BKxsQYgSq3uLfavN9",ouLFcL4pWNcRE5JNu,h3dPMcehmoJ3TkgYZ,hYfaSr3jzDHhra5W3,BP7PjP32Z33i44DLq,2021-07-22T04:12:09Z
CJ66Yv3yGfvi3XAsJ,0,3,,,"khMNv3Twj5vCq5jRv,hHLJCRhzLCPM38p8b,MYxmzahWm3ZnfCohg,bxmN263SdE2fxjd9k,ySbhtawG8GTDfP3mC,hFge42phhP82shho6,yzohYrPBuHByxFd85,Bg5ufF3tt4wjTP5kp,zy3Ff7JGAMYF9Xuir,BJ4vFH9HnQMDT9X56,DuEsLmAAxjMzbFab3","yzohYrPBuHByxFd85,MYxmzahWm3ZnfCohg,hFge42phhP82shho6",CJ66Yv3yGfvi3XAsJ,h3dPMcehmoJ3TkgYZ,v6hJyQWv4ZRkfdcqG,BP7PjP32Z33i44DLq,2021-07-22T04:12:09Z
q5bzFrZGBFgZmoXnL,0,3,,,"khMNv3Twj5vCq5jRv,hHLJCRhzLCPM38p8b,bxmN263SdE2fxjd9k,ySbhtawG8GTDfP3mC,Bg5ufF3tt4wjTP5kp,zy3Ff7JGAMYF9Xuir,BJ4vFH9HnQMDT9X56,DuEsLmAAxjMzbFab3","bxmN263SdE2fxjd9k,hHLJCRhzLCPM38p8b,khMNv3Twj5vCq5jRv",q5bzFrZGBFgZmoXnL,h3dPMcehmoJ3TkgYZ,JKgiFwMrosXX3TRPC,BP7PjP32Z33i44DLq,2021-07-22T04:12:10Z
TKDxvKEgTaszS2gky,0,3,,,"ySbhtawG8GTDfP3mC,Bg5ufF3tt4wjTP5kp,zy3Ff7JGAMYF9Xuir,BJ4vFH9HnQMDT9X56,DuEsLmAAxjMzbFab3","Bg5ufF3tt4wjTP5kp,BJ4vFH9HnQMDT9X56,DuEsLmAAxjMzbFab3",TKDxvKEgTaszS2gky,h3dPMcehmoJ3TkgYZ,9CTP3tSmFQ8x2rQXf,BP7PjP32Z33i44DLq,2021-07-22T04:12:11Z
cg58vgkSKvCFNs4tH,0,3,,,"ySbhtawG8GTDfP3mC,zy3Ff7JGAMYF9Xuir,498JrAC3EwBN3xyRt,r948jbBrqE2JzHjrY,HPa6o9xFQYsuJD8dd,FKgu79GBX6nemkaR3,ggNA3Apm6WZFXjjk8,GfDsgX6v7N6FBpb8R,PLpMYKGq68NPw3b2f,jHgNdiRppxom3vwqY,FmgzEvyk3MkRnABJ2,jfB6yCZKgmdNoWj8W,Nvotfk7XydYZdhDMx,BAsws2eJHMwTdexub","ySbhtawG8GTDfP3mC,zy3Ff7JGAMYF9Xuir,498JrAC3EwBN3xyRt",cg58vgkSKvCFNs4tH,h3dPMcehmoJ3TkgYZ,Ji47LLqd2GnpGwyf2,BP7PjP32Z33i44DLq,2021-07-22T04:12:11Z
XSXkYGi5F5PLX3Fbc,0,3,,,"r948jbBrqE2JzHjrY,HPa6o9xFQYsuJD8dd,FKgu79GBX6nemkaR3,ggNA3Apm6WZFXjjk8,GfDsgX6v7N6FBpb8R,PLpMYKGq68NPw3b2f,jHgNdiRppxom3vwqY,FmgzEvyk3MkRnABJ2,jfB6yCZKgmdNoWj8W,Nvotfk7XydYZdhDMx,BAsws2eJHMwTdexub,tws2tYJNaPHa9Nv7X","PLpMYKGq68NPw3b2f,Nvotfk7XydYZdhDMx,FmgzEvyk3MkRnABJ2",XSXkYGi5F5PLX3Fbc,h3dPMcehmoJ3TkgYZ,snAiFj5PP9dR7mwuA,BP7PjP32Z33i44DLq,2021-07-22T04:12:12Z
NM9kn2zcGWyPgE43R,0,3,,,"r948jbBrqE2JzHjrY,HPa6o9xFQYsuJD8dd,FKgu79GBX6nemkaR3,ggNA3Apm6WZFXjjk8,GfDsgX6v7N6FBpb8R,jHgNdiRppxom3vwqY,jfB6yCZKgmdNoWj8W,BAsws2eJHMwTdexub,tws2tYJNaPHa9Nv7X,Bm8KHjehmNDZBABTe","ggNA3Apm6WZFXjjk8,jHgNdiRppxom3vwqY,HPa6o9xFQYsuJD8dd",NM9kn2zcGWyPgE43R,h3dPMcehmoJ3TkgYZ,wSJQTNj2MSxcjuncA,BP7PjP32Z33i44DLq,2021-07-22T04:12:13Z
bKSKSSYAZaCjB5Wda,0,3,,,"r948jbBrqE2JzHjrY,FKgu79GBX6nemkaR3,GfDsgX6v7N6FBpb8R,jfB6yCZKgmdNoWj8W,BAsws2eJHMwTdexub,tws2tYJNaPHa9Nv7X,Bm8KHjehmNDZBABTe,mJPJKXds9z5hhoPv4,6wz7WJT36n9a9LLyT,E2NxiiQEovbyu6GjY,6a7QqeLo4d5qZ6S3k,GQuhD2x8bMRWSBQGy,uSPKDrXEHgytxTJyr,emrz5kJaF4bp9A2kr,YQjDHrqWeDNWFT4sz,9RwFog2fYgA9d4GmW,CH3TWNgG4nMXE5EiZ,T2vfofNpshyQLhmFY,7MaJPqHAXtKsFsWEk,vmBBxmxGnFG23hzfq,6hccXQEeP2yTxwhkq,82QGt7wBFt3Sj38Td,dEMMFa9z9twnnqQSW,2kkC4M9Bk2oHnbQMo","GfDsgX6v7N6FBpb8R,BAsws2eJHMwTdexub,6wz7WJT36n9a9LLyT",bKSKSSYAZaCjB5Wda,h3dPMcehmoJ3TkgYZ,Ze7dwdg3ko9FTJe4a,BP7PjP32Z33i44DLq,2021-07-22T04:12:13Z
9TmfmC8pdDEcJid4M,0,3,,,"r948jbBrqE2JzHjrY,FKgu79GBX6nemkaR3,jfB6yCZKgmdNoWj8W,tws2tYJNaPHa9Nv7X,Bm8KHjehmNDZBABTe,mJPJKXds9z5hhoPv4,E2NxiiQEovbyu6GjY,6a7QqeLo4d5qZ6S3k,GQuhD2x8bMRWSBQGy,uSPKDrXEHgytxTJyr,emrz5kJaF4bp9A2kr,YQjDHrqWeDNWFT4sz,9RwFog2fYgA9d4GmW,CH3TWNgG4nMXE5EiZ,T2vfofNpshyQLhmFY,7MaJPqHAXtKsFsWEk,vmBBxmxGnFG23hzfq,6hccXQEeP2yTxwhkq,82QGt7wBFt3Sj38Td,dEMMFa9z9twnnqQSW,2kkC4M9Bk2oHnbQMo","6hccXQEeP2yTxwhkq,FKgu79GBX6nemkaR3,mJPJKXds9z5hhoPv4",9TmfmC8pdDEcJid4M,h3dPMcehmoJ3TkgYZ,kQn6ApTrdaYKScnMH,BP7PjP32Z33i44DLq,2021-07-22T04:12:14Z
kL7tNzWoCekon3xWa,0,3,,,"r948jbBrqE2JzHjrY,jfB6yCZKgmdNoWj8W,tws2tYJNaPHa9Nv7X,Bm8KHjehmNDZBABTe,E2NxiiQEovbyu6GjY,6a7QqeLo4d5qZ6S3k,GQuhD2x8bMRWSBQGy,uSPKDrXEHgytxTJyr,emrz5kJaF4bp9A2kr,YQjDHrqWeDNWFT4sz,9RwFog2fYgA9d4GmW,CH3TWNgG4nMXE5EiZ,T2vfofNpshyQLhmFY,7MaJPqHAXtKsFsWEk,vmBBxmxGnFG23hzfq,82QGt7wBFt3Sj38Td,dEMMFa9z9twnnqQSW,2kkC4M9Bk2oHnbQMo","tws2tYJNaPHa9Nv7X,r948jbBrqE2JzHjrY,jfB6yCZKgmdNoWj8W",kL7tNzWoCekon3xWa,h3dPMcehmoJ3TkgYZ,FrGnMnE3KamwCz7wd,BP7PjP32Z33i44DLq,2021-07-22T04:12:15Z
H47D9j5vc5N5b3fDr,0,3,,,"Bm8KHjehmNDZBABTe,E2NxiiQEovbyu6GjY,6a7QqeLo4d5qZ6S3k,GQuhD2x8bMRWSBQGy,uSPKDrXEHgytxTJyr,emrz5kJaF4bp9A2kr,YQjDHrqWeDNWFT4sz,9RwFog2fYgA9d4GmW,CH3TWNgG4nMXE5EiZ,T2vfofNpshyQLhmFY,7MaJPqHAXtKsFsWEk,vmBBxmxGnFG23hzfq,82QGt7wBFt3Sj38Td,dEMMFa9z9twnnqQSW,2kkC4M9Bk2oHnbQMo,ckm52p6p6v35L2oKv","uSPKDrXEHgytxTJyr,Bm8KHjehmNDZBABTe,vmBBxmxGnFG23hzfq",H47D9j5vc5N5b3fDr,h3dPMcehmoJ3TkgYZ,GeFm2iJ8sWYKaGkks,BP7PjP32Z33i44DLq,2021-07-22T04:12:16Z
oxMbxEbCGTr4pDWYD,0,3,,,"E2NxiiQEovbyu6GjY,6a7QqeLo4d5qZ6S3k,GQuhD2x8bMRWSBQGy,emrz5kJaF4bp9A2kr,YQjDHrqWeDNWFT4sz,9RwFog2fYgA9d4GmW,CH3TWNgG4nMXE5EiZ,T2vfofNpshyQLhmFY,7MaJPqHAXtKsFsWEk,82QGt7wBFt3Sj38Td,dEMMFa9z9twnnqQSW,2kkC4M9Bk2oHnbQMo,ckm52p6p6v35L2oKv,2qencJYJnJ2yTaqda","9RwFog2fYgA9d4GmW,7MaJPqHAXtKsFsWEk,GQuhD2x8bMRWSBQGy",oxMbxEbCGTr4pDWYD,h3dPMcehmoJ3TkgYZ,fNLszPiiRFTE5DQAj,BP7PjP32Z33i44DLq,2021-07-22T04:12:16Z
4iqSW6pdiYRqJZZBD,0,3,,,"E2NxiiQEovbyu6GjY,6a7QqeLo4d5qZ6S3k,emrz5kJaF4bp9A2kr,YQjDHrqWeDNWFT4sz,CH3TWNgG4nMXE5EiZ,T2vfofNpshyQLhmFY,82QGt7wBFt3Sj38Td,dEMMFa9z9twnnqQSW,2kkC4M9Bk2oHnbQMo,ckm52p6p6v35L2oKv,2qencJYJnJ2yTaqda,4N4vJ3hcWn69qHhuC","2kkC4M9Bk2oHnbQMo,YQjDHrqWeDNWFT4sz,dEMMFa9z9twnnqQSW",4iqSW6pdiYRqJZZBD,h3dPMcehmoJ3TkgYZ,QEGECPnLiLQjq6Gwp,BP7PjP32Z33i44DLq,2021-07-22T04:12:17Z
WJsoLE8hwiTt9ERkZ,0,3,,,"E2NxiiQEovbyu6GjY,6a7QqeLo4d5qZ6S3k,emrz5kJaF4bp9A2kr,CH3TWNgG4nMXE5EiZ,T2vfofNpshyQLhmFY,82QGt7wBFt3Sj38Td,ckm52p6p6v35L2oKv,2qencJYJnJ2yTaqda,4N4vJ3hcWn69qHhuC,tzWijeMcT5r6dLLSR","2qencJYJnJ2yTaqda,emrz5kJaF4bp9A2kr,82QGt7wBFt3Sj38Td",WJsoLE8hwiTt9ERkZ,h3dPMcehmoJ3TkgYZ,Qn6vnKdHX9xmdA9HL,BP7PjP32Z33i44DLq,2021-07-22T04:12:18Z
L9KobdseLb9BTrtyk,0,3,,,"E2NxiiQEovbyu6GjY,6a7QqeLo4d5qZ6S3k,CH3TWNgG4nMXE5EiZ,T2vfofNpshyQLhmFY,ckm52p6p6v35L2oKv,4N4vJ3hcWn69qHhuC,tzWijeMcT5r6dLLSR","ckm52p6p6v35L2oKv,E2NxiiQEovbyu6GjY,tzWijeMcT5r6dLLSR",L9KobdseLb9BTrtyk,h3dPMcehmoJ3TkgYZ,TKp2nZt9BybpN5zge,BP7PjP32Z33i44DLq,2021-07-22T04:12:18Z
vomoob4XzDkrw5rXZ,0,3,,,"euY53KdPd7LhBXbCm,7itHCEHnoQCfrP7Ex,CayF3y7DWrbXTXeJq,hoWvGu9jzZWiRN9cr,DTQuh4dvxw9kGWbgA,suv6Nt8eFNZeDsxyp,R9Mp2DmTRGNWJuvpo","7itHCEHnoQCfrP7Ex,euY53KdPd7LhBXbCm,CayF3y7DWrbXTXeJq",vomoob4XzDkrw5rXZ,2dzTZsW7s5sM7BSEW,Wu9boMGcLjeGDrQDX,BP7PjP32Z33i44DLq,2021-07-22T17:29:59Z
FkEjzhpW4Fj9kkZN7,0,3,,,"hoWvGu9jzZWiRN9cr,DTQuh4dvxw9kGWbgA,suv6Nt8eFNZeDsxyp,R9Mp2DmTRGNWJuvpo","DTQuh4dvxw9kGWbgA,hoWvGu9jzZWiRN9cr,R9Mp2DmTRGNWJuvpo",FkEjzhpW4Fj9kkZN7,2dzTZsW7s5sM7BSEW,tD3ZjG9MHwPj6Kpyf,BP7PjP32Z33i44DLq,2021-07-22T17:30:00Z
